35.1
35.1
35.1
35.4
35.4
35.4
33.4
33.4
33.4
28.9
28.9
28.9
26.5
26.5
26.5
28.8
28.8
28.8
31.6
31.6
31.6
34.1
34.1
34.1
40.3
40.3
40.3
44.1
44.1
44.1
38.4
38.4
38.4
36.8
36.8
36.8
37.6
37.6
37.6
42.2
44.0
39.8
44.1
44.1
41.8
46.9
43.1
49.4
43.5
42.9
44.0
47.1
37.3
48.0
47.7
39.6
38.3
51.0
42.5
41.6
46.0
46.4
49.5
47.3
45.7
36.4
39.7
48.8
48.9
48.7
46.9
50.5
46.8
44.5
42.3
47.2
50.3
45.4
41.3
40.1
40.0
41.2
37.7
39.6
48.8
48.2
39.1
39.1
36.2
36.6
40.1
39.8
40.3
40.7
44.5
48.8
47.9
45.6
41.3
41.3
41.2
47.8
46.2
43.0
39.3
40.5
39.9
45.9
49.8
46.9
49.4
40.7
35.1
37.7
40.1
44.1
52.8
53.3
51.2
50.5
49.8
50.2
51.3
43.6
43.5
46.6
50.7
50.6
47.5
46.7
46.9
44.2
46.8
47.4
40.1
39.8
42.6
49.8
51.5
52.0
56.3
56.6
47.9
46.3
50.8
51.3
53.6
59.2
61.5
63.1
66.3
65.3
66.2
58.2
50.3
48.7
48.3
49.3
48.3
45.7
48.8
52.7
51.7
46.0
47.0
50.3
50.4
53.6
61.5
63.2
61.0
62.4
64.3
63.1
60.9
58.9
58.7
56.7
54.7
56.3
55.0
54.8
54.8
53.3
50.8
49.3
50.3
53.1
52.1
54.4
52.9
51.2
54.3
55.6
60.7
63.5
69.2
62.8
55.3
58.0
59.2
65.4
66.6
71.4
73.5
71.3
73.3
68.6
64.8
60.6
60.4
63.0
63.8
66.2
71.7
75.6
79.0
74.2
69.6
72.9
70.2
65.9
63.7
64.2
66.2
68.1
75.2
79.6
64.4
61.1
66.8
70.2
75.1
67.8
66.6
70.8
75.1
76.9
78.5
75.4
73.7
68.5
70.1
72.1
65.0
65.1
66.7
70.3
74.3
76.0
67.8
63.9
64.5
67.6
70.3
71.6
74.8
72.6
69.1
72.6
72.5
67.5
66.7
64.4
61.0
56.5
55.3
57.5
58.2
59.0
58.2
56.1
56.4
58.6
60.2
60.5
61.3
60.9
62.5
60.7
58.8
58.6
57.8
57.0
56.7
58.9
58.3
61.3
55.4
56.3
58.0
57.5
56.5
55.8
56.7
54.5
48.9
49.5
51.8
56.7
56.6
61.6
64.2
57.7
56.8
61.4
63.7
65.2
63.9
57.8
62.3
59.9
60.4
61.5
58.6
58.1
59.2
54.3
53.3
45.8
43.8
52.4
60.3
58.6
57.0
60.2
53.6
49.2
41.5
42.3
45.2
47.0
46.7
35.9
32.0
33.4
42.0
49.9
50.7
48.1
56.2
54.6
49.3
49.4
49.9
51.5
38.8
37.2
41.5
41.8
38.3
45.9
49.5
48.2
49.3
50.7
46.4
43.6
40.7
38.8
36.9
43.6
41.4
34.2
27.2
27.4
28.8
31.1
34.8
30.2
30.0
35.4
32.0
31.8
31.3
29.1
31.6
40.7
39.7
36.0
32.3
50.4
47.0
33.9
31.8
33.6
23.6
20.6
22.1
23.4
33.6
36.7
33.1
32.5
33.7
33.1
32.4
43.4
45.3
46.3
47.5
47.3
49.2
46.5
43.4
41.1
40.8
36.6
32.7
31.5
30.4
32.2
34.0
31.0
31.6
23.2
18.7
24.6
25.8
28.6
28.5
28.5
30.2
31.4
31.2
28.5
27.6
26.4
28.0
29.7
35.0
39.1
40.5
39.0
34.0
31.6
32.4
42.0
42.6
41.5
33.4
27.7
24.6
28.9
30.3
37.6
47.2
41.8
40.3
38.5
37.6
38.2
33.8
35.0
33.6
38.5
39.8
37.7
39.0
40.7
36.4
29.8
28.6
29.4
34.2
39.6
38.8
40.0
40.2
38.7
41.5
45.9
46.9
50.8
46.0
46.5
41.2
35.8
37.3
38.4
36.3
36.0
34.9
34.2
35.7
38.9
43.3
48.5
44.9
47.6
49.6
52.4
48.5
40.1
42.4
45.9
50.3
55.0
54.5
53.7
58.6
63.6
65.5
67.2
60.1
51.1
51.0
53.1
56.9
54.4
46.6
49.0
53.1
51.4
47.8
44.1
42.8
46.5
51.3
46.6
46.6
43.5
47.5
47.7
46.1
49.0
47.6
44.1
50.2
54.8
54.2
51.1
51.8
52.4
55.4
59.8
55.3
53.9
52.5
51.1
62.1
69.0
63.4
56.4
55.9
58.2
63.1
69.5
73.8
78.6
72.8
61.9
69.7
69.8
61.4
56.4
55.9
59.1
61.2
66.0
62.6
55.8
50.8
53.2
52.6
52.2
52.9
54.5
60.6
60.4
63.1
55.7
57.4
58.0
56.8
60.8
61.7
57.4
55.7
56.4
55.2
59.3
59.3
66.2
64.9
64.2
66.7
64.6
57.9
58.9
59.6
60.5
66.7
69.9
73.0
73.0
60.9
58.3
64.1
65.2
65.4
64.4
64.3
64.2
63.3
61.4
60.6
63.1
66.8
64.7
57.8
63.0
72.2
67.4
62.3
61.1
63.4
64.7
62.4
61.8
65.5
67.0
72.4
74.0
67.2
65.6
65.2
59.4
59.3
60.1
59.1
56.8
55.5
58.1
56.6
54.0
56.1
57.3
57.0
58.4
55.8
54.2
53.3
55.7
56.4
55.4
54.6
52.4
55.9
55.9
53.2
50.9
48.8
52.8
51.1
50.5
48.5
51.1
52.2
56.4
57.8
58.4
56.6
60.0
60.0
50.5
50.3
53.6
53.9
48.6
48.6
48.6
49.8
53.4
51.6
53.0
50.6
55.9
61.7
57.9
50.2
49.8
49.1
54.3
55.8
55.5
49.6
48.8
50.5
53.7
52.2
51.6
56.3
50.6
46.1
48.5
53.6
56.4
55.9
54.8
50.2
52.3
49.5
45.9
47.0
45.8
42.1
46.6
43.5
38.3
31.4
30.9
34.7
38.3
37.9
42.0
36.3
36.8
35.1
36.0
40.2
41.3
32.9
34.3
38.8
40.1
40.7
44.2
42.8
44.3
41.9
41.6
39.5
34.0
30.8
31.3
30.5
32.9
34.4
32.2
39.5
40.7
38.1
44.7
47.5
38.8
30.5
28.7
27.0
23.4
24.1
23.3
23.5
16.5
19.8
29.5
14.9
8.8
10.4
18.1
23.2
24.1
22.9
19.8
16.9
21.8
22.1
25.0
33.6
37.6
35.9
36.1
37.0
40.6
40.1
39.5
37.3
34.6
44.1
41.0
40.3
34.2
32.3
31.4
31.9
34.4
35.0
37.9
34.5
31.6
34.8
39.9
40.4
40.5
43.7
44.7
48.9
46.6
42.7
51.1
43.9
39.7
37.9
39.0
45.4
46.4
42.0
46.9
48.6
49.6
48.6
50.6
52.4
47.9
46.0
50.8
50.2
51.6
47.2
51.6
49.3
46.7
50.4
50.2
48.6
51.1
42.2
48.4
49.8
48.2
49.8
51.0
51.0
47.4
44.4
42.3
42.6
40.2
44.5
45.5
46.6
49.7
54.2
45.9
44.1
47.4
48.1
51.3
49.7
47.2
43.3
48.6
44.2
41.3
46.5
50.6
52.3
45.9
42.6
44.0
48.3
43.9
42.0
44.6
43.5
42.1
40.7
41.1
44.0
44.5
50.8
51.3
51.5
53.3
53.1
51.4
51.9
53.4
61.7
65.9
60.2
56.7
45.5
42.3
44.7
49.9
52.5
54.9
54.0
58.0
53.7
56.2
66.4
70.7
61.1
62.1
56.5
53.4
51.4
51.0
49.1
52.8
55.5
52.1
51.4
55.7
57.1
57.0
55.2
60.3
62.8
63.2
67.4
70.0
68.4
64.4
63.4
68.6
67.0
63.1
64.4
60.8
56.5
58.1
57.8
57.2
59.9
57.3
58.2
55.4
56.0
54.6
53.7
57.4
58.1
58.5
57.3
56.9
57.6
58.0
58.1
59.6
58.8
58.4
63.2
63.0
59.3
62.5
68.3
67.6
67.8
66.4
63.9
64.1
62.8
60.1
65.1
60.7
64.2
64.7
65.9
66.3
62.9
65.1
64.7
64.9
67.2
69.1
59.6
60.2
65.8
64.2
65.8
67.1
72.1
72.2
74.3
74.4
75.1
76.3
76.0
74.2
68.4
68.2
69.6
71.8
72.8
71.1
68.6
73.8
69.7
75.1
77.0
71.9
66.8
65.9
62.3
60.8
62.6
68.6
65.4
62.2
63.0
67.1
62.8
60.1
58.7
60.5
59.5
56.4
60.5
62.5
55.1
54.2
55.9
60.4
63.3
65.6
57.2
51.5
51.6
54.2
54.1
54.4
55.7
59.1
51.5
54.5
56.7
61.8
65.9
58.3
55.2
56.1
57.0
61.0
61.6
60.0
63.6
59.6
52.6
49.9
46.9
47.0
45.3
48.9
56.2
57.8
58.2
49.5
41.8
39.3
42.8
45.6
45.5
46.5
41.5
33.4
33.3
38.8
38.9
33.0
32.6
38.5
43.5
53.5
52.5
50.2
51.1
50.2
48.4
45.3
42.0
41.5
44.4
48.7
52.1
48.6
42.5
41.7
44.3
45.9
42.5
40.5
37.9
40.9
45.2
45.3
47.0
50.0
47.0
40.7
36.6
34.8
34.4
33.3
35.2
36.7
42.7
48.3
52.4
52.9
46.7
43.1
42.6
34.8
28.2
30.8
44.9
47.2
39.7
37.7
37.3
40.0
52.1
51.6
46.8
43.7
41.4
40.1
42.6
47.7
42.8
45.8
46.8
44.4
42.2
42.2
50.0
50.2
50.6
47.0
44.7
47.5
48.1
47.5
44.9
45.4
41.2
40.8
41.6
37.9
33.0
29.4
30.8
34.9
32.5
27.4
25.7
29.6
35.9
34.4
33.2
23.8
27.4
34.6
33.4
37.7
39.4
37.4
38.5
41.9
43.5
46.1
51.0
52.9
50.7
52.3
51.4
43.0
42.6
46.6
51.2
50.9
44.7
44.3
48.8
48.5
47.3
47.4
41.9
39.0
46.1
51.7
53.6
44.6
46.9
50.3
43.3
36.1
39.7
38.3
39.3
38.5
45.1
46.8
48.1
48.5
48.7
44.9
42.9
44.5
42.8
40.2
37.3
43.6
44.2
49.9
55.4
58.8
60.6
56.2
52.2
52.8
52.3
49.6
49.2
48.7
44.4
45.9
46.2
45.3
43.9
41.4
38.0
39.7
42.5
43.9
45.0
45.0
47.7
51.0
51.9
59.6
60.4
54.3
55.9
52.0
50.1
50.1
52.3
51.6
51.0
49.7
48.5
47.4
49.4
51.7
54.8
62.5
66.7
69.6
73.7
75.7
74.7
70.2
65.7
62.6
61.6
64.3
63.6
59.9
54.6
50.3
51.4
53.2
57.5
55.2
54.9
58.8
61.1
60.1
60.0
62.0
63.5
59.5
59.6
58.1
65.5
61.3
60.1
62.4
60.4
56.2
52.2
54.1
56.5
58.6
57.9
57.1
60.4
66.9
71.5
74.5
62.3
59.9
66.8
65.0
62.2
62.2
60.3
60.2
56.8
60.0
59.2
57.8
61.0
63.4
60.7
56.9
58.4
59.8
61.8
61.6
63.5
60.7
58.6
59.8
58.9
59.8
59.6
64.5
75.5
69.1
64.5
66.7
63.0
60.2
63.6
64.7
62.1
60.3
61.8
60.8
60.7
60.6
64.6
63.1
64.6
66.8
69.0
73.4
66.4
75.7
77.3
72.0
63.3
65.6
68.6
64.9
65.0
64.8
62.1
63.4
61.1
58.1
57.5
58.7
58.8
57.8
54.8
54.4
56.6
58.4
58.0
61.2
64.2
64.9
62.0
62.1
62.5
62.4
61.4
63.5
63.3
58.4
53.3
49.2
52.5
56.7
57.2
54.9
57.3
61.4
59.2
57.6
55.8
56.6
60.5
64.5
63.3
59.2
59.3
59.4
58.5
57.2
46.7
41.5
42.2
45.7
47.0
44.5
46.5
47.6
52.1
52.6
51.4
50.5
58.1
51.6
52.6
56.5
46.7
44.2
47.2
53.0
58.6
57.9
52.2
51.4
45.5
51.6
56.0
49.7
45.9
46.3
47.5
44.1
46.9
43.2
43.2
46.4
43.8
45.6
55.5
49.7
42.7
40.6
44.3
40.5
43.0
39.7
35.8
35.5
35.3
29.4
29.0
25.4
23.8
26.6
33.2
37.1
42.8
37.4
39.4
33.8
31.8
28.1
29.5
33.3
32.7
33.7
34.2
32.2
37.3
38.7
44.2
50.1
49.5
51.0
50.0
44.3
44.3
42.9
44.1
37.9
35.7
38.0
40.6
-99
-99
48.1
50.0
46.4
40.9
-99
-99
47.2
45.2
43.2
51.4
54.7
51.6
45.9
43.4
36.8
-99
29.2
31.6
37.5
42.7
46.1
46.3
42.4
39.9
46.0
49.1
46.8
42.1
42.4
43.3
51.5
42.9
41.0
42.7
32.5
28.9
33.6
39.7
42.5
43.2
48.1
42.2
39.3
34.0
32.1
30.6
30.9
30.7
24.6
23.1
28.1
33.8
40.8
36.1
41.3
48.6
45.0
43.8
37.7
37.7
35.7
37.4
43.5
42.9
45.2
49.3
52.4
47.7
44.6
40.5
39.4
37.1
40.1
41.4
39.9
39.1
51.0
53.4
46.7
43.8
44.7
47.4
44.6
43.3
44.8
43.3
41.9
46.8
47.5
49.6
49.7
44.8
45.2
49.8
54.7
57.1
57.0
55.3
52.6
53.0
56.0
56.5
49.6
48.1
52.0
51.7
49.2
47.4
43.1
37.9
40.0
40.7
42.9
43.3
43.7
48.4
54.7
51.9
52.4
50.3
53.5
57.0
55.4
55.2
50.9
54.6
55.9
56.3
57.7
56.1
53.3
59.1
60.2
57.6
60.2
60.2
57.4
57.1
55.2
55.9
52.1
49.3
55.3
56.6
58.7
57.5
59.9
56.2
55.0
58.3
57.3
58.4
67.4
69.4
71.0
67.5
57.7
62.3
66.4
60.2
57.2
55.1
54.4
56.8
53.9
56.8
58.6
53.2
56.1
58.6
64.1
65.8
67.0
65.0
58.2
61.6
58.6
52.5
53.7
56.7
59.0
59.8
64.6
63.1
59.3
62.9
62.4
60.1
66.9
70.0
68.0
64.8
64.6
63.6
64.0
66.3
70.4
73.6
73.3
67.2
63.3
63.2
63.8
68.0
73.6
73.5
68.9
62.6
58.4
59.1
66.7
70.9
65.6
63.8
66.4
69.2
72.8
72.9
74.3
74.9
68.4
69.2
71.2
70.8
69.1
64.5
65.5
64.3
59.9
58.8
61.9
61.2
60.8
59.0
58.0
60.3
60.7
59.2
57.1
56.4
59.6
62.5
73.3
70.2
63.7
63.4
62.5
64.5
61.3
62.2
64.7
64.2
65.7
69.1
66.7
64.7
66.8
67.3
67.0
72.8
71.2
65.5
65.2
61.0
59.4
59.2
59.3
62.4
63.0
60.0
63.8
65.7
65.1
62.8
60.3
58.2
60.4
61.4
58.5
57.7
55.3
51.4
49.5
48.6
49.9
50.9
54.7
57.6
58.1
55.7
50.6
47.3
48.4
50.9
46.6
42.9
42.0
41.2
42.8
45.9
53.6
56.2
54.5
54.5
55.6
50.8
50.2
52.7
59.2
53.0
55.6
53.4
48.9
47.5
47.5
47.4
46.0
48.0
49.9
47.0
43.2
36.3
33.1
44.9
34.0
32.0
38.3
35.9
35.9
34.5
29.4
36.6
43.2
45.9
47.2
45.9
45.9
48.9
47.2
47.4
49.2
44.5
46.0
39.8
37.8
43.1
47.4
46.5
46.2
43.1
47.3
46.4
42.4
37.2
32.1
33.5
40.8
39.7
33.3
32.4
31.3
33.6
41.5
45.8
44.7
41.7
38.8
37.0
37.5
36.7
39.6
44.1
45.6
46.2
46.5
41.0
45.7
43.4
43.6
39.4
34.5
34.4
32.8
35.6
37.1
35.6
38.9
42.1
43.6
39.5
39.0
41.2
39.6
36.8
27.8
32.0
34.5
32.7
35.2
46.9
50.7
50.2
47.7
44.0
42.9
45.3
47.9
46.8
46.7
49.2
43.9
43.1
39.1
41.0
42.7
41.0
45.6
39.3
37.9
42.6
41.7
36.7
37.7
40.1
44.4
47.6
44.3
38.9
46.6
49.4
44.2
41.6
40.8
43.6
36.1
38.8
43.7
48.6
51.3
53.1
49.1
47.8
44.9
47.1
47.7
42.7
46.9
45.8
43.8
40.5
39.5
44.3
48.2
50.6
51.2
50.2
42.9
41.9
39.1
41.4
43.1
43.9
44.2
50.7
53.1
51.0
40.8
40.2
44.1
47.4
51.2
45.0
44.7
43.1
41.0
46.4
48.1
48.5
50.6
51.5
52.5
55.9
57.4
55.5
51.7
52.3
57.9
59.4
57.3
60.8
54.0
56.8
56.6
52.5
52.0
56.2
62.4
65.2
63.0
63.7
68.2
66.6
62.9
62.4
65.4
68.1
69.4
70.2
57.8
53.8
50.1
53.7
50.6
53.3
55.0
58.6
56.5
58.1
54.6
51.6
52.1
50.3
55.9
59.7
63.0
66.2
63.7
53.8
57.5
56.6
62.1
70.7
61.7
59.3
61.0
65.6
63.3
61.8
59.1
61.6
71.1
77.8
78.8
69.6
62.0
59.8
54.8
55.6
54.6
55.9
55.5
53.8
59.0
63.6
66.7
64.1
62.9
61.3
62.5
56.4
55.2
56.2
58.6
54.4
55.1
58.1
56.0
55.6
56.4
56.5
57.3
61.9
64.1
58.4
57.3
62.3
62.0
59.0
58.7
60.9
62.6
60.2
61.6
65.6
71.6
65.1
61.9
61.5
62.2
64.2
65.8
65.3
65.7
66.0
66.1
66.8
74.2
72.8
67.1
65.6
64.6
64.8
66.3
65.2
61.2
60.9
61.5
63.8
63.4
67.3
63.5
61.0
61.6
60.0
58.5
60.7
57.9
57.4
56.5
57.6
58.6
58.6
64.0
67.5
67.1
68.6
67.9
62.7
63.0
65.1
58.0
59.7
60.4
65.3
59.2
59.8
64.2
64.0
60.9
61.1
65.6
62.7
62.1
62.9
59.3
57.3
55.9
55.9
56.1
55.1
49.3
48.5
52.1
50.5
49.1
52.0
53.7
53.4
48.9
49.4
52.2
50.6
51.0
54.2
53.5
59.8
59.7
59.5
53.9
53.9
51.8
52.0
55.5
50.4
50.8
49.2
46.9
47.2
47.3
44.0
43.8
50.2
46.0
46.6
45.7
44.7
47.4
48.9
47.7
44.3
43.4
45.1
40.8
43.9
48.1
42.7
43.9
47.8
48.5
45.1
46.5
46.1
44.4
54.8
55.1
51.4
54.3
51.6
47.5
45.7
51.4
52.9
51.8
55.4
50.5
50.2
54.7
55.7
51.6
46.2
41.2
37.3
37.4
39.9
43.3
38.9
35.0
31.0
34.2
33.6
32.4
29.3
31.4
34.2
32.6
33.7
33.9
41.7
49.2
45.1
46.8
47.1
43.8
41.3
38.7
39.6
35.9
37.6
33.4
31.7
30.8
29.0
27.7
25.3
29.1
32.5
32.4
32.0
45.1
47.5
48.6
43.7
42.8
40.4
38.1
38.4
37.1
35.6
31.3
33.0
42.3
46.3
49.5
52.8
51.0
49.7
40.0
37.5
50.1
51.9
43.0
37.5
42.7
38.8
40.0
37.6
40.1
41.7
43.1
44.0
37.0
29.3
30.3
34.8
35.9
39.7
37.1
35.3
31.8
34.2
36.7
40.3
50.8
50.3
49.5
51.6
54.4
48.8
43.5
44.0
46.7
50.1
46.1
43.7
37.8
36.0
43.0
44.4
50.7
49.8
38.0
38.5
42.5
47.3
44.9
45.8
49.1
55.5
60.1
54.9
48.3
45.4
53.0
49.0
45.6
48.7
49.0
46.7
42.9
38.4
36.4
47.1
44.5
43.5
42.2
38.7
38.5
41.7
44.6
47.8
49.5
52.0
51.2
50.0
52.6
54.3
55.0
53.3
56.9
57.5
47.3
46.9
49.3
54.0
52.4
61.6
67.2
67.1
66.2
67.6
56.4
57.4
57.8
55.3
51.7
55.1
54.4
56.0
57.5
61.9
64.7
60.7
65.8
63.5
67.6
65.5
63.8
59.2
56.7
52.1
49.5
53.4
60.6
62.1
56.0
55.3
54.1
54.7
55.6
57.3
57.3
62.4
64.1
59.4
58.4
54.0
55.6
63.4
60.5
58.1
59.8
69.1
69.2
74.5
68.8
66.4
68.3
68.6
66.5
66.0
70.6
73.4
75.2
72.3
67.1
62.1
62.2
64.5
61.5
60.1
60.1
57.0
58.9
60.7
62.0
60.0
60.5
58.6
61.1
68.3
65.6
67.9
69.5
71.9
72.5
70.8
69.8
74.5
69.9
64.5
68.1
67.9
63.2
63.6
64.7
64.7
62.6
59.9
58.6
60.2
66.4
68.7
73.5
77.1
67.8
65.4
70.6
67.3
65.3
67.6
71.1
73.4
76.1
78.2
78.7
66.3
59.9
61.8
57.9
60.0
60.3
58.9
61.2
57.3
58.0
60.4
59.7
57.3
50.7
53.6
54.1
59.2
56.8
55.3
54.9
51.2
52.2
51.4
53.0
56.3
55.1
52.1
53.7
55.1
53.0
54.9
60.2
60.3
58.7
60.7
63.4
63.8
59.2
57.1
58.2
61.1
60.2
58.3
57.5
56.7
58.2
60.2
65.2
62.5
62.8
57.4
57.4
60.2
59.3
61.0
58.0
55.3
55.7
53.8
56.6
54.6
56.2
53.3
52.7
59.9
54.9
47.9
47.2
46.8
47.7
48.2
49.4
51.1
45.1
38.2
34.5
39.8
48.4
43.2
39.3
29.9
39.2
42.3
40.5
42.9
44.7
46.2
44.8
40.2
43.8
50.5
44.3
40.0
44.5
47.4
53.9
54.4
45.9
48.1
49.4
47.7
45.9
34.9
33.8
30.9
31.1
35.3
38.5
35.5
25.0
27.6
30.6
30.3
35.4
39.1
35.6
38.0
34.2
24.9
35.0
41.9
34.9
36.5
44.1
35.5
33.3
30.1
28.5
26.5
28.8
26.8
31.8
34.2
35.2
35.3
34.9
35.8
37.7
38.0
37.1
39.3
39.4
40.5
40.4
41.1
46.2
47.3
50.8
46.9
45.2
48.7
42.8
51.8
53.1
53.9
48.6
51.3
49.4
51.5
53.7
53.2
48.7
51.8
45.4
44.1
50.6
52.0
47.9
52.2
53.2
46.9
38.4
33.5
35.6
37.1
40.2
44.0
45.7
39.3
45.9
41.3
39.2
49.5
51.8
44.7
41.5
40.3
34.9
40.4
44.9
43.1
44.9
51.3
47.1
48.5
45.9
50.0
49.2
43.6
37.9
45.3
52.9
52.2
51.5
49.7
53.6
53.5
47.9
41.6
40.1
40.9
41.7
41.3
44.8
47.7
50.5
51.3
54.6
59.1
58.6
55.5
51.3
44.5
44.6
45.5
44.8
44.0
45.1
46.6
44.5
43.0
42.4
45.9
49.7
49.2
46.3
47.9
52.4
57.8
57.9
58.9
51.8
47.3
48.6
50.7
49.7
53.1
53.4
49.5
48.7
46.6
46.2
50.6
56.0
55.8
59.1
56.6
56.9
53.5
61.1
56.5
58.8
64.2
66.6
60.9
58.8
62.0
67.0
60.2
59.0
53.2
55.0
54.2
55.1
56.3
55.3
57.0
57.6
58.8
65.4
66.4
65.1
63.9
59.8
57.2
60.1
60.8
55.0
56.5
61.2
59.3
68.1
63.7
67.2
77.4
-99
-99
-99
-99
67.6
63.3
61.8
62.3
64.3
59.3
56.2
58.6
59.9
56.8
58.0
57.9
60.3
60.9
61.8
62.8
67.2
68.3
58.3
59.0
62.9
61.6
62.4
64.6
68.7
66.3
62.5
59.9
63.4
61.0
63.7
63.1
63.4
64.6
67.1
74.1
76.2
76.1
74.4
69.0
65.4
66.7
60.7
61.0
61.7
60.9
64.0
65.2
64.6
63.4
66.4
64.2
67.0
69.3
72.2
72.9
73.5
74.2
73.0
65.9
62.4
60.9
61.0
60.9
61.6
64.2
66.8
67.7
65.8
64.2
62.3
58.9
60.9
60.2
60.3
62.5
61.9
64.7
64.9
62.3
58.8
58.1
61.1
60.0
59.6
60.3
56.5
58.1
56.7
58.4
58.7
56.5
54.8
53.3
49.5
53.5
54.8
55.5
53.3
55.8
55.5
57.8
60.8
59.8
55.3
54.4
53.3
47.4
47.0
46.8
49.2
44.8
48.0
51.4
52.6
54.4
53.6
49.5
45.6
44.6
44.2
53.7
57.5
51.3
48.0
54.3
52.5
55.4
47.9
49.0
52.2
49.3
53.6
57.2
54.4
49.3
49.1
48.1
46.3
44.1
48.2
46.3
51.9
50.2
50.2
51.7
46.3
43.9
47.1
45.1
44.4
44.8
52.8
48.0
47.2
45.7
43.9
45.5
43.1
45.7
47.6
46.5
46.4
46.1
40.1
40.6
42.4
36.8
34.0
31.6
25.9
25.7
25.4
30.9
35.1
38.2
42.4
44.6
37.2
31.5
32.2
34.3
39.8
50.1
48.7
52.0
50.7
51.0
53.4
49.3
49.4
52.7
35.5
43.4
51.0
46.4
32.3
29.4
31.5
25.9
22.1
20.2
23.4
25.3
29.1
39.8
44.7
41.9
41.3
38.0
39.2
41.9
46.6
47.3
45.6
43.5
37.2
38.5
42.5
50.2
43.1
39.4
33.2
27.0
26.8
38.0
39.8
36.1
35.7
35.8
38.8
43.5
42.9
36.2
35.4
29.0
29.0
29.6
28.9
31.4
28.5
30.4
34.6
37.0
37.4
38.3
43.9
47.6
43.6
44.4
51.1
49.1
49.4
46.5
42.7
45.7
52.7
46.1
43.8
46.9
51.3
52.4
51.9
45.8
41.6
41.3
41.6
44.3
43.9
42.3
44.6
41.9
42.4
44.8
49.9
57.2
53.6
52.3
53.5
55.8
57.2
52.7
45.9
48.2
42.6
41.4
43.5
47.1
42.7
36.7
36.8
36.9
36.4
41.0
46.5
55.2
59.8
63.7
64.2
60.7
56.3
45.1
51.1
59.4
55.8
53.8
60.1
61.4
55.9
54.3
62.1
59.0
54.4
54.0
56.4
54.6
62.8
60.2
54.0
54.9
58.1
55.4
53.8
58.3
54.0
48.7
49.0
48.4
53.7
58.4
57.9
55.2
54.0
55.0
57.3
57.5
55.7
55.1
58.8
60.8
65.3
67.7
71.0
70.1
72.5
68.6
68.3
72.3
64.8
66.5
70.6
65.3
62.0
67.7
66.9
67.8
66.4
62.9
64.6
67.0
68.2
66.5
66.3
63.7
61.7
67.9
70.2
63.6
63.7
66.8
68.3
66.1
68.0
64.5
61.6
60.7
59.7
61.9
62.4
62.4
66.8
64.6
67.7
70.0
69.8
63.3
67.3
72.1
76.5
76.4
66.5
70.2
74.8
71.6
71.8
69.8
67.6
66.4
65.7
66.1
67.7
65.6
68.7
66.8
66.8
71.1
71.1
72.4
75.1
74.6
79.2
78.5
73.1
71.7
77.8
78.5
82.3
73.6
67.0
64.2
63.9
64.1
65.7
66.3
64.8
64.8
67.1
68.3
64.1
65.6
63.7
62.0
59.3
58.4
59.8
56.5
56.8
57.7
58.3
60.5
64.3
63.6
60.4
59.8
57.9
57.0
58.8
58.1
57.5
57.7
62.0
62.5
64.8
69.4
69.3
70.4
72.5
67.9
53.3
51.4
52.7
56.4
58.9
57.4
53.7
54.0
51.6
58.8
57.9
52.6
48.2
48.3
50.0
50.9
56.2
58.3
53.8
48.8
48.7
47.9
44.3
44.6
43.0
41.7
38.8
41.1
43.2
42.0
36.8
33.3
42.1
42.7
36.0
37.0
39.7
44.3
47.9
48.0
48.4
53.7
48.9
48.7
46.3
42.3
42.1
44.6
50.8
40.7
42.5
47.9
45.6
46.4
42.3
43.8
53.2
53.5
48.8
48.6
53.4
56.3
53.5
46.2
47.6
41.6
39.3
38.8
46.2
51.2
47.2
43.9
40.7
39.5
38.5
29.7
31.5
30.9
31.6
37.1
42.0
53.3
45.8
39.1
40.7
38.8
37.4
40.9
47.9
42.5
34.7
34.7
38.6
46.4
44.8
45.3
43.1
36.8
35.5
35.1
31.6
27.5
21.7
33.3
38.3
44.4
45.5
42.6
43.9
42.6
50.3
42.5
47.1
42.1
40.2
45.1
40.5
35.9
41.9
43.9
36.3
35.9
36.4
39.5
39.6
33.9
32.7
34.1
33.7
35.1
45.8
51.8
53.3
56.1
58.4
56.6
54.2
46.9
40.6
37.7
37.0
45.3
41.7
44.9
44.6
43.0
39.6
39.6
41.9
35.2
33.5
32.9
34.8
34.4
36.6
34.4
31.7
32.6
32.4
28.4
31.0
37.2
39.8
44.5
42.3
38.8
40.5
36.9
34.6
33.0
35.9
38.2
48.4
49.2
54.1
56.0
57.7
52.9
51.9
52.7
49.3
46.3
41.9
41.0
38.8
37.3
38.7
42.2
45.5
50.0
56.5
59.8
56.3
53.3
52.4
47.5
43.2
42.8
42.9
43.5
41.9
44.1
46.7
47.9
49.9
53.9
57.9
56.1
47.6
45.9
48.6
56.6
55.8
53.4
51.0
54.7
57.9
61.3
58.5
56.9
59.4
57.1
56.6
56.2
48.9
48.4
50.8
49.3
50.1
53.6
55.6
50.8
51.2
50.6
52.5
57.3
57.8
62.7
63.5
63.2
61.3
52.9
49.0
51.8
53.1
56.2
53.2
51.4
56.9
63.0
59.0
56.3
61.2
57.7
59.1
58.1
59.5
60.5
68.4
74.5
72.6
64.3
61.4
58.9
57.5
62.3
65.0
61.0
63.8
58.4
54.4
53.6
55.8
58.8
64.0
59.4
57.9
60.9
66.0
61.6
62.3
66.4
61.9
58.5
60.4
58.8
61.2
61.3
61.4
62.4
58.5
56.6
56.8
56.7
57.1
59.8
64.8
68.6
69.1
65.7
64.7
63.5
68.4
71.3
67.8
64.9
62.0
62.9
63.4
66.5
70.4
71.4
69.5
68.0
69.8
72.5
72.5
73.7
72.0
70.2
75.3
77.8
71.8
71.7
65.3
63.3
65.0
68.0
67.1
67.2
68.8
65.9
62.1
58.3
60.3
65.1
63.2
60.8
60.9
59.6
63.2
61.3
60.1
58.7
60.7
64.3
68.7
69.8
69.1
67.7
67.4
62.2
63.2
67.5
66.4
60.4
59.4
58.6
56.5
55.8
59.5
65.4
59.4
57.8
57.5
57.1
57.9
52.4
54.0
58.1
59.7
61.1
57.2
56.7
61.0
57.1
57.9
62.0
58.3
54.9
52.4
51.9
48.3
48.0
48.5
53.5
55.6
53.9
48.5
46.2
47.5
49.8
50.6
59.1
56.2
57.2
62.2
62.8
57.7
49.9
47.7
55.2
53.2
48.8
47.7
45.9
49.2
51.4
51.0
47.2
49.5
46.7
45.1
38.9
42.3
40.5
39.9
42.6
41.6
41.9
48.9
52.3
49.0
39.5
36.4
37.0
52.5
48.6
38.2
35.6
39.4
47.6
46.7
44.8
40.7
38.0
37.9
35.5
38.0
43.9
43.0
39.5
41.5
32.3
33.0
37.1
31.9
29.8
33.0
40.1
42.1
41.7
39.8
35.8
30.2
29.9
36.5
48.9
48.8
40.5
35.9
30.1
37.0
39.8
43.9
48.9
47.1
43.0
43.0
44.3
44.2
46.2
51.8
49.0
46.7
52.6
50.5
47.2
41.4
36.3
35.1
36.2
42.9
41.8
42.2
50.7
43.3
38.8
36.8
33.0
30.1
28.6
31.8
34.6
34.9
40.5
43.6
41.2
43.0
43.4
41.2
36.0
39.2
32.1
37.5
43.9
46.9
47.1
50.2
38.6
38.2
34.8
31.5
32.1
35.0
37.2
35.5
33.2
31.9
30.0
31.1
30.0
33.6
28.3
25.3
28.3
31.9
30.5
27.8
33.6
30.5
38.7
40.9
40.9
38.1
41.0
38.4
40.4
41.7
46.8
59.8
55.2
50.2
49.6
51.7
53.3
54.8
55.9
55.2
54.0
52.1
52.4
50.3
51.8
52.3
52.4
53.6
52.6
58.9
55.2
48.9
49.0
48.7
43.3
41.6
46.3
50.4
51.1
51.9
54.5
48.1
44.1
46.6
50.5
49.1
46.2
47.5
51.1
51.3
56.5
53.6
54.2
53.2
55.9
58.5
63.1
69.7
61.9
57.8
53.3
51.0
52.4
48.5
46.4
46.8
45.4
46.2
49.2
52.0
54.0
50.1
52.6
46.4
47.7
56.6
62.1
60.1
57.9
54.9
57.2
65.5
71.6
75.0
70.5
59.9
51.9
53.8
57.5
63.4
66.2
57.8
57.1
55.2
51.8
53.2
56.6
58.2
52.8
55.2
56.7
59.4
62.1
65.7
69.0
72.5
75.6
79.0
70.9
70.1
76.8
79.1
72.1
67.0
69.5
69.9
67.2
64.5
64.4
63.7
70.0
62.7
59.6
59.7
56.6
58.8
62.6
69.2
70.9
67.3
69.6
71.5
73.5
69.0
66.6
67.4
65.4
64.3
60.9
60.6
61.5
64.0
65.6
61.9
68.7
74.1
70.5
62.6
61.4
62.1
62.4
62.2
62.1
60.2
59.4
58.2
59.1
61.0
61.4
63.7
62.4
61.8
60.7
60.0
60.5
65.1
69.9
65.2
61.6
64.2
64.2
61.5
60.3
58.3
57.1
60.4
63.4
68.1
69.8
74.8
68.4
65.9
64.6
68.7
72.3
68.8
69.0
72.2
69.0
67.6
65.7
62.9
59.8
62.3
64.9
55.9
52.1
52.5
53.1
56.3
57.5
59.3
62.2
61.6
61.3
59.5
58.8
56.2
55.0
54.1
57.7
53.4
52.3
51.7
53.6
53.2
54.6
57.6
57.8
62.1
60.4
61.6
60.3
59.7
53.9
54.3
50.1
49.2
55.9
55.4
57.1
54.9
56.1
55.8
59.3
60.2
62.6
63.2
64.5
64.1
62.0
54.5
56.2
60.6
55.9
49.0
52.1
51.9
55.6
49.2
47.3
52.3
47.1
45.7
40.9
43.3
43.3
40.8
39.5
35.6
36.3
41.5
35.2
32.9
36.0
35.5
34.2
36.2
37.1
36.5
35.8
35.4
41.6
46.7
46.6
44.1
41.9
42.6
40.1
36.5
28.6
32.9
39.9
43.0
43.2
44.5
44.2
34.6
35.0
38.5
38.0
40.4
43.6
45.1
44.6
40.0
36.0
29.1
27.6
26.8
29.4
42.2
39.6
36.2
30.9
34.0
32.5
32.2
33.9
34.0
34.3
35.8
37.8
38.1
35.8
36.8
34.0
36.8
42.9
41.8
44.2
46.2
41.7
36.0
30.1
27.8
32.3
31.4
23.6
25.3
27.5
31.0
33.6
28.3
26.3
27.9
36.0
36.8
39.8
42.8
41.4
36.1
36.4
35.2
33.0
35.4
40.5
45.6
44.6
42.1
39.3
42.2
37.6
34.9
35.8
32.2
34.1
32.0
31.0
34.8
33.9
32.5
31.8
31.6
31.9
34.3
35.1
36.4
43.1
47.5
41.2
34.5
27.3
29.5
34.2
36.3
32.8
34.4
36.5
34.2
38.9
36.6
34.8
38.6
46.6
53.0
57.6
57.0
49.9
48.1
53.6
53.0
51.4
49.9
47.1
41.6
38.5
42.3
44.3
45.6
42.7
40.6
41.1
46.6
49.3
49.3
51.2
52.1
50.9
49.3
49.8
52.8
55.1
47.0
50.2
56.2
57.9
54.7
52.5
46.9
44.1
42.4
46.9
55.0
65.9
68.2
65.0
63.1
58.4
59.4
57.6
56.3
61.6
62.7
61.2
56.1
60.9
60.4
60.2
60.8
54.8
52.8
56.6
57.7
50.4
51.7
52.9
55.8
56.9
56.3
50.4
46.4
47.5
47.2
50.4
56.1
55.1
55.4
52.9
57.2
62.0
67.2
70.4
73.4
72.3
75.2
64.3
56.4
58.0
62.8
69.9
69.0
65.9
60.3
57.2
59.6
65.6
61.9
60.5
57.7
59.5
62.8
68.3
73.0
74.0
74.3
77.4
74.2
70.3
65.8
66.0
68.8
68.9
69.5
67.5
69.3
65.1
66.0
72.2
75.1
78.0
81.8
76.1
77.2
71.8
72.0
73.0
76.6
79.4
75.8
70.4
70.6
68.6
65.5
64.9
62.4
60.7
63.8
66.4
66.8
65.4
62.3
58.9
58.0
54.8
57.2
57.5
57.5
60.0
62.9
66.1
65.0
64.1
62.2
59.7
60.6
62.2
61.3
60.3
60.2
62.4
58.1
55.2
57.2
59.9
64.2
64.0
68.1
65.3
66.0
68.6
61.8
57.6
58.3
62.5
66.4
70.7
71.6
68.8
68.8
68.2
64.5
62.4
58.4
59.2
66.7
68.0
65.6
67.3
61.7
60.0
57.3
62.1
63.9
62.3
62.5
60.5
57.1
53.6
54.7
59.0
54.9
53.6
57.5
61.3
61.5
58.5
55.1
56.0
51.7
53.2
54.5
57.6
58.8
58.0
58.5
59.2
61.2
55.4
54.9
64.9
56.3
58.4
57.2
51.9
53.1
44.2
41.0
44.0
46.2
47.7
47.4
44.4
46.7
48.5
42.4
47.9
47.3
52.1
55.1
55.5
58.3
52.2
47.4
42.6
45.4
46.2
43.7
50.7
51.1
58.0
51.8
53.4
52.7
46.7
42.6
47.6
50.3
48.4
50.5
55.8
48.6
47.6
48.5
42.0
39.0
44.2
45.0
48.3
46.6
44.1
42.9
39.4
34.5
34.5
35.1
41.2
41.5
38.3
34.1
35.5
32.1
32.2
36.1
40.9
48.6
50.0
46.3
42.1
43.8
48.7
47.8
49.5
46.7
49.5
54.9
51.0
45.8
48.9
51.5
45.0
42.2
45.9
50.2
52.1
52.9
51.3
43.7
38.0
28.3
29.6
28.7
32.3
40.3
42.7
45.6
45.6
44.2
46.3
45.2
40.9
36.4
36.4
35.1
30.8
35.3
39.7
43.1
47.3
46.9
46.1
44.0
44.1
48.7
46.3
43.6
43.3
47.5
46.5
45.9
48.6
48.8
45.4
44.2
44.8
49.5
48.2
44.8
44.8
48.3
49.0
47.9
47.2
45.4
44.1
45.0
48.0
48.3
48.1
45.8
45.0
45.7
49.9
45.2
37.1
37.8
37.8
42.3
40.1
42.5
47.7
50.4
51.3
51.7
46.3
46.2
51.0
52.6
51.7
44.1
43.2
45.6
50.6
46.5
48.3
50.4
52.6
52.5
56.5
61.6
65.1
67.8
62.2
53.2
48.7
51.4
48.7
48.3
55.2
62.0
63.6
66.7
64.9
65.0
65.2
62.8
58.0
59.0
56.8
57.4
59.0
55.8
54.4
57.0
55.4
53.2
59.2
55.8
56.4
57.9
56.6
53.2
53.7
54.3
61.4
58.1
55.4
61.4
60.1
60.5
64.5
67.5
60.7
57.3
54.6
52.1
55.9
58.1
58.5
64.2
64.3
63.9
63.9
64.8
69.3
67.7
61.4
63.5
66.8
61.3
64.4
66.2
64.3
60.6
62.9
64.6
69.6
68.1
64.7
60.6
61.3
60.5
60.3
54.6
55.7
59.3
59.0
63.1
67.2
61.8
59.2
58.4
59.6
60.7
61.3
59.7
57.3
57.6
